2795068 FWP_N 1 0.01
2795069 FWP_N 1 0.01
2797367 FWP_N 1 0.01
2797368 FWP_N 1 0.01
2797369 FWP_N 1 0.01
2799667 FWP_N 1 0.01
2799668 FWP_N 1 0.01
2799669 FWP_N 1 0.01
2799670 ODR_N 1 0.01
2799671 ODR_N 1 0.01
2799684 OWR_N 1 0.01
2799685 OWR_N 1 0.01
2799686 OWR_N 1 0.01
2799690 FWR_N 1 0.01
2801933 ODR_N 1 0.01
2801967 FWP_N 1 0.01
2801968 FWP_N 1 0.01
2801969 FWP_N 1 0.01
2801970 ODR_N 1 0.01
2801976 FDR_N 1 0.01
2801979 FWR_N 1 0.01
2801984 FDR_N 1 0.01
2801985 FDR_N 1 0.01
2801986 FDR_N 1 0.01
2804230 OWR_N 1 0.01
2804239 FDR_N 1 0.01
2804240 FDR_N 1 0.01
2804241 FDR_N 1 0.01
2804242 FDR_N 1 0.01
2804265 OWP_N 1 0.01
2804269 FDR_N 1 0.01
2804277 FDR_N 1 0.01
2806532 ODR_N 1 0.01
2806539 FDR_N 1 0.01
2806540 FDR_N 1 0.01
2806541 FDR_N 1 0.01
2806542 FDR_N 1 0.01
2806568 FDR_N 1 0.01
2806569 FDR_N 1 0.01
2808832 ODR_N 1 0.01
2808840 FDR_N 1 0.01
2808841 FDR_N 1 0.01
2808842 FWP_N 1 0.01
2808866 FWP_N 1 0.01
2808875 ODR_N 1 0.01
2808876 ODR_N 1 0.01
2808877 ODR_N 1 0.01
2808878 ODR_N 1 0.01
2811129 FDR_N 1 0.01
2811130 FDR_N 1 0.01
2811132 ODR_N 1 0.01
2811133 ODR_N 1 0.01
2811139 FDR_N 1 0.01
2811140 FDR_N 1 0.01
2811141 FDR_N 1 0.01
2811142 FWP_N 1 0.01
2811166 FWP_N 1 0.01
2811175 ODR_N 1 0.01
2811176 ODR_N 1 0.01
2811177 ODR_N 1 0.01
2811178 ODR_N 1 0.01
2811179 ODR_N 1 0.01
2813432 ODR_N 1 0.01
2813433 ODR_N 1 0.01
2813439 FDR_N 1 0.01
2813440 FDR_N 1 0.01
2813442 FWP_N 1 0.01
2813464 ODR_N 1 0.01
2813465 ODR_N 1 0.01
2813467 FDR_N 1 0.01
2813475 ODR_N 1 0.01
2813476 ODR_N 1 0.01
2813477 ODR_N 1 0.01
2813478 ODR_N 1 0.01
2815739 FDR_N 1 0.01
2815740 FDR_N 1 0.01
2815742 FWP_N 1 0.01
2815764 ODR_N 1 0.01
2815766 FDR_N 1 0.01
2815767 FDR_N 1 0.01
2815776 ODR_N 1 0.01
2815777 ODR_N 1 0.01
2815778 ODR_N 1 0.01
2817995 OWR_N 1 0.01
2817996 OWR_N 1 0.01
2818042 FWP_N 1 0.01
2818060 ODR_N 1 0.01
2818061 ODR_N 1 0.01
2820294 OWR_N 1 0.01
2820338 FDR_N 1 0.01
2820341 FDR_N 1 0.01
2820342 FDR_N 1 0.01
2820380 ODR_N 1 0.01
2820381 ODR_N 1 0.01
2820382 ODR_N 1 0.01
2822641 FDR_N 1 0.01
2822642 FDR_N 1 0.01
2822643 OWR_N 1 0.01
2822644 FWP_N 1 0.01
2822649 FWP_N 1 0.01
2822650 FWP_N 1 0.01
2822679 ODR_N 1 0.01
2822680 ODR_N 1 0.01
2822681 ODR_N 1 0.01
2822682 ODR_N 1 0.01
2824944 FWP_N 1 0.01
2824945 OWR_N 1 0.01
2824946 OWR_N 1 0.01
2824947 OWR_N 1 0.01
2824948 OWR_N 1 0.01
2824949 OWR_N 1 0.01
2824951 FWP_N 1 0.01
2824954 FDR_N 1 0.01
2824960 ODR_N 1 0.01
2824961 ODR_N 1 0.01
2824979 ODR_N 1 0.01
2824980 ODR_N 1 0.01
2824981 ODR_N 1 0.01
2827192 FWR_N 1 0.01
2827237 ODR_N 1 0.01
2827238 ODR_N 1 0.01
2827243 OWP_N 1 0.01
2827246 OWR_N 1 0.01
2827247 OWR_N 1 0.01
2827248 ODR_N 1 0.01
2827249 ODR_N 1 0.01
2827250 ODR_N 1 0.01
2827251 ODR_N 1 0.01
2827252 ODR_N 1 0.01
2827253 ODR_N 1 0.01
2827254 FDR_N 1 0.01
2827260 ODR_N 1 0.01
2827261 ODR_N 1 0.01
2827280 ODR_N 1 0.01
2829492 FWR_N 1 0.01
2829535 ODR_N 1 0.01
2829536 ODR_N 1 0.01
2829538 ODR_N 1 0.01
2829544 ODR_N 1 0.01
2829545 FWP_N 1 0.01
2829547 ODR_N 1 0.01
2829555 OWR_N 1 0.01
2829579 ODR_N 1 0.01
2829580 ODR_N 1 0.01
2831793 FWR_N 1 0.01
2831834 ODR_N 1 0.01
2831835 ODR_N 1 0.01
2831836 ODR_N 1 0.01
2831837 ODR_N 1 0.01
2831838 ODR_N 1 0.01
2831839 ODR_N 1 0.01
2831841 OWR_N 1 0.01
2831842 OWR_N 1 0.01
2831846 ODR_N 1 0.01
2831847 ODR_N 1 0.01
2831879 ODR_N 1 0.01
2834134 ODR_N 1 0.01
2834135 ODR_N 1 0.01
2834136 ODR_N 1 0.01
2834138 ODR_N 1 0.01
2834139 ODR_N 1 0.01
2834140 OWR_N 1 0.01
2834141 OWR_N 1 0.01
2834142 OWR_N 1 0.01
2834145 ODR_N 1 0.01
2834178 FDR_N 1 0.01
2834180 ODR_N 1 0.01
2836392 ODR_N 1 0.01
2836395 ODR_N 1 0.01
2836397 ODR_N 1 0.01
2836398 ODR_N 1 0.01
2836434 ODR_N 1 0.01
2836435 ODR_N 1 0.01
2836436 ODR_N 1 0.01
2836437 ODR_N 1 0.01
2836440 OWR_N 1 0.01
2836441 OWR_N 1 0.01
2836442 OWR_N 1 0.01
2838726 FDR_N 1 0.01
2838734 ODR_N 1 0.01
2838735 ODR_N 1 0.01
2838736 ODR_N 1 0.01
2838742 ODR_N 1 0.01
2838745 ODR_N 1 0.01
2838781 ODR_N 1 0.01
2841020 ODR_N 1 0.01
2841025 FDR_N 1 0.01
2841026 FDR_N 1 0.01
2841027 FDR_N 1 0.01
2841028 FDR_N 1 0.01
2841029 FDR_N 1 0.01
2841030 ODR_N 1 0.01
2841031 ODR_N 1 0.01
2841035 FDR_N 1 0.01
2841039 FWP_N 1 0.01
2841041 ODR_N 1 0.01
2841042 ODR_N 1 0.01
2843316 ODR_N 1 0.01
2843318 ODR_N 1 0.01
2843319 ODR_N 1 0.01
2843320 ODR_N 1 0.01
2843324 FDR_N 1 0.01
2843325 FDR_N 1 0.01
2843326 FDR_N 1 0.01
2843327 FDR_N 1 0.01
2843330 ODR_N 1 0.01
2843331 ODR_N 1 0.01
2843332 ODR_N 1 0.01
2843334 FDR_N 1 0.01
2843335 FDR_N 1 0.01
2843336 FDR_N 1 0.01
2843338 FWP_N 1 0.01
2843340 FDR_N 1 0.01
2843343 FDR_N 1 0.01
2843380 ODR_N 1 0.01
2843381 ODR_N 1 0.01
2845613 FWR_N 1 0.01
2845614 ODR_N 1 0.01
2845615 ODR_N 1 0.01
2845616 ODR_N 1 0.01
2845617 ODR_N 1 0.01
2845619 ODR_N 1 0.01
2845621 ODR_N 1 0.01
2845628 ODR_N 1 0.01
2845631 ODR_N 1 0.01
2845632 ODR_N 1 0.01
2845633 ODR_N 1 0.01
2845634 FDR_N 1 0.01
2845635 FDR_N 1 0.01
2845636 FDR_N 1 0.01
2845639 FDR_N 1 0.01
2845640 FDR_N 1 0.01
2845679 ODR_N 1 0.01
2845680 ODR_N 1 0.01
2845681 ODR_N 1 0.01
2847912 FWR_N 1 0.01
2847913 FWR_N 1 0.01
2847914 ODR_N 1 0.01
2847918 FDR_N 1 0.01
2847920 ODR_N 1 0.01
2847922 ODR_N 1 0.01
2847923 ODR_N 1 0.01
2847924 ODR_N 1 0.01
2847925 ODR_N 1 0.01
2847926 ODR_N 1 0.01
2847927 ODR_N 1 0.01
2847928 ODR_N 1 0.01
2847932 ODR_N 1 0.01
2847933 ODR_N 1 0.01
2847934 FDR_N 1 0.01
2847935 FDR_N 1 0.01
2847936 FDR_N 1 0.01
2847938 OWR_N 1 0.01
2847940 FDR_N 1 0.01
2847980 ODR_N 1 0.01
2847981 ODR_N 1 0.01
2850121 OWP_N 1 0.01
2850214 ODR_N 1 0.01
2850215 ODR_N 1 0.01
2850216 FWR_N 1 0.01
2850217 FWR_N 1 0.01
2850221 ODR_N 1 0.01
2850222 ODR_N 1 0.01
2850224 ODR_N 1 0.01
2850225 ODR_N 1 0.01
2850226 ODR_N 1 0.01
2850227 ODR_N 1 0.01
2850229 ODR_N 1 0.01
2850230 ODR_N 1 0.01
2850232 ODR_N 1 0.01
2850236 FDR_N 1 0.01
2850239 FWP_N 1 0.01
2852422 OWP_N 1 0.01
2852531 FDR_N 1 0.01
2852534 OWR_N 1 0.01
2852535 OWR_N 1 0.01
2852537 OWR_N 1 0.01
2852538 OWR_N 1 0.01
2854722 OWP_N 1 0.01
2854724 ODP_N 1 0.01
2854754 ODR_N 1 0.01
2854756 ODR_N 1 0.01
2854814 OWR_N 1 0.01
2854829 FDR_N 1 0.01
2854830 FDR_N 1 0.01
2854831 FDR_N 1 0.01
2854834 OWR_N 1 0.01
2854835 ODP_N 1 0.01
2854837 OWR_N 1 0.01
2854838 OWR_N 1 0.01
2854839 FDR_N 1 0.01
2857021 OWR_N 1 0.01
2857023 ODP_N 1 0.01
2857053 OWR_N 1 0.01
2857054 ODR_N 1 0.01
2857055 ODR_N 1 0.01
2857057 ODR_N 1 0.01
2857058 ODR_N 1 0.01
2857060 OWP_N 1 0.01
2857112 ODR_N 1 0.01
2857129 FDR_N 1 0.01
2857130 FDR_N 1 0.01
2857131 FDR_N 1 0.01
2857132 FDR_N 1 0.01
2857135 ODP_N 1 0.01
2857137 OWR_N 1 0.01
2859322 FDR_N 1 0.01
2859356 ODR_N 1 0.01
2859357 ODR_N 1 0.01
2859358 ODR_N 1 0.01
2859359 ODR_N 1 0.01
2859360 OWP_N 1 0.01
2859361 OWP_N 1 0.01
2859362 ODP_N 1 0.01
2859363 ODP_N 1 0.01
2859395 OWR_N 1 0.01
2859396 OWR_N 1 0.01
2859397 OWR_N 1 0.01
2859412 ODR_N 1 0.01
2859429 FDR_N 1 0.01
2859430 FDR_N 1 0.01
2859431 FDR_N 1 0.01
2859433 FDR_N 1 0.01
2859434 FDR_N 1 0.01
2859437 OWR_N 1 0.01
2859439 ODR_N 1 0.01
2859440 ODR_N 1 0.01
2861620 OWR_N 1 0.01
2861661 OWP_N 1 0.01
2861662 ODP_N 1 0.01
2861695 OWR_N 1 0.01
2861696 OWR_N 1 0.01
2861697 OWR_N 1 0.01
2861698 FDR_N 1 0.01
2861709 ODR_N 1 0.01
2861726 FDR_N 1 0.01
2861727 FDR_N 1 0.01
2861728 FDR_N 1 0.01
2861729 FDR_N 1 0.01
2861730 FDR_N 1 0.01
2861733 OWP_N 1 0.01
2861736 OWR_N 1 0.01
2861740 ODR_N 1 0.01
2861753 FDR_N 1 0.01
2863958 FDR_N 1 0.01
2863959 FDR_N 1 0.01
2863960 FDR_N 1 0.01
2863961 OWR_N 1 0.01
2863962 OWR_N 1 0.01
2863978 FDP_N 1 0.01
2863979 FDP_N 1 0.01
2863988 FDR_N 1 0.01
2863993 FDR_N 1 0.01
2863994 FDR_N 1 0.01
2863996 OWR_N 1 0.01
2863997 OWR_N 1 0.01
2863998 FDR_N 1 0.01
2863999 FDR_N 1 0.01
2864000 ODR_N 1 0.01
2864020 ODR_N 1 0.01
2864021 ODR_N 1 0.01
2864025 FDR_N 1 0.01
2864026 FDR_N 1 0.01
2864027 FDR_N 1 0.01
2864028 FDR_N 1 0.01
2864029 FDR_N 1 0.01
2864030 FDR_N 1 0.01
2864031 FDR_N 1 0.01
2864036 FDR_N 1 0.01
2864038 ODR_N 1 0.01
2864039 ODR_N 1 0.01
2864053 FDR_N 1 0.01
2864054 FDR_N 1 0.01
2866258 FDR_N 1 0.01
2866259 FDR_N 1 0.01
2866260 FDR_N 1 0.01
2866261 OWR_N 1 0.01
2866262 OWR_N 1 0.01
2866264 FWP_N 1 0.01
2866265 ODP_N 1 0.01
2866266 ODP_N 1 0.01
2866271 ODP_N 1 0.01
2866272 ODP_N 1 0.01
2866273 ODP_N 1 0.01
2866278 FDP_N 1 0.01
2866279 FDP_N 1 0.01
2866280 FDP_N 1 0.01
2866281 ODR_N 1 0.01
2866282 ODR_N 1 0.01
2866283 ODR_N 1 0.01
2866284 ODR_N 1 0.01
2866285 ODR_N 1 0.01
2866288 FDR_N 1 0.01
2866289 FDR_N 1 0.01
2866296 OWR_N 1 0.01
2866297 FDR_N 1 0.01
2866298 OWR_N 1 0.01
2866299 FDR_N 1 0.01
2866300 ODR_N 1 0.01
2866320 ODR_N 1 0.01
2866321 ODR_N 1 0.01
2866322 ODR_N 1 0.01
2866325 FDR_N 1 0.01
2866326 FDR_N 1 0.01
2866327 FDR_N 1 0.01
2866331 FDR_N 1 0.01
2866336 FDR_N 1 0.01
2868520 FWR_N 1 0.01
2868559 FDR_N 1 0.01
2868560 FDR_N 1 0.01
2868562 OWR_N 1 0.01
2868564 FWP_N 1 0.01
2868565 FWP_N 1 0.01
2868571 ODP_N 1 0.01
2868572 ODP_N 1 0.01
2868573 ODP_N 1 0.01
2868574 ODP_N 1 0.01
2868578 FDP_N 1 0.01
2868579 FDP_N 1 0.01
2868580 FDP_N 1 0.01
2868581 ODR_N 1 0.01
2868583 ODR_N 1 0.01
2868585 ODR_N 1 0.01
2868586 ODR_N 1 0.01
2868589 FDR_N 1 0.01
2868591 ODR_N 1 0.01
2868592 ODR_N 1 0.01
2868593 ODR_N 1 0.01
2868594 ODR_N 1 0.01
2868595 ODR_N 1 0.01
2868596 FDR_N 1 0.01
2868598 OWR_N 1 0.01
2868599 ODR_N 1 0.01
2868600 ODR_N 1 0.01
2868622 ODR_N 1 0.01
2868623 ODR_N 1 0.01
2868626 FDR_N 1 0.01
2868627 FDR_N 1 0.01
2868628 FDR_N 1 0.01
2868629 FDR_N 1 0.01
2868635 FDR_N 1 0.01
2868637 ODR_N 1 0.01
2870820 FWR_N 1 0.01
2870821 FWR_N 1 0.01
2870863 OWP_N 1 0.01
2870873 ODP_N 1 0.01
2870874 ODP_N 1 0.01
2870881 ODR_N 1 0.01
2870883 ODR_N 1 0.01
2870884 ODR_N 1 0.01
2870886 ODR_N 1 0.01
2870888 OWR_N 1 0.01
2870889 FDR_N 1 0.01
2870893 ODR_N 1 0.01
2870894 ODR_N 1 0.01
2870895 ODR_N 1 0.01
2870896 ODR_N 1 0.01
2870927 FDR_N 1 0.01
2870929 FDR_N 1 0.01
2870930 FDR_N 1 0.01
2870936 ODR_N 1 0.01
2870937 ODR_N 1 0.01
2873158 FDR_N 1 0.01
2873159 FDR_N 1 0.01
2873167 ODP_N 1 0.01
2873170 FWR_N 1 0.01
2873173 ODP_N 1 0.01
2873174 ODP_N 1 0.01
2873182 ODR_N 1 0.01
2873183 ODR_N 1 0.01
2873184 ODR_N 1 0.01
2873190 FDR_N 1 0.01
2873191 FDR_N 1 0.01
2873193 ODR_N 1 0.01
2873194 ODR_N 1 0.01
2873195 ODR_N 1 0.01
2873202 ODR_N 1 0.01
2873203 ODR_N 1 0.01
2873204 ODR_N 1 0.01
2873227 FDR_N 1 0.01
2873228 FDR_N 1 0.01
2873234 ODR_N 1 0.01
2873235 ODR_N 1 0.01
2873236 ODR_N 1 0.01
2875466 ODP_N 1 0.01
2875467 ODP_N 1 0.01
2875468 FWP_N 1 0.01
2875472 ODR_N 1 0.01
2875480 FWR_N 1 0.01
2875481 FWR_N 1 0.01
2875484 ODR_N 1 0.01
2875525 FDR_N 1 0.01
2875526 FDR_N 1 0.01
2875527 FDR_N 1 0.01
2875533 ODR_N 1 0.01
2875534 ODR_N 1 0.01
2875535 ODR_N 1 0.01
2875536 ODR_N 1 0.01
2877720 FDR_N 1 0.01
2877721 FDR_N 1 0.01
2877772 ODR_N 1 0.01
2877824 FDR_N 1 0.01
2877825 FDR_N 1 0.01
2877826 FDR_N 1 0.01
2877834 ODR_N 1 0.01
2880024 FWR_N 1 0.01
2880058 ODR_N 1 0.01
2880059 ODR_N 1 0.01
2880060 ODR_N 1 0.01
2880066 ODR_N 1 0.01
2880069 ODR_N 1 0.01
2880070 ODR_N 1 0.01
2880071 ODR_N 1 0.01
2880072 ODR_N 1 0.01
2880100 ODR_N 1 0.01
2880124 FDR_N 1 0.01
2880125 FDR_N 1 0.01
2880126 FDR_N 1 0.01
2880133 FDR_N 1 0.01
2882324 OWP_N 1 0.01
2882358 ODR_N 1 0.01
2882359 ODR_N 1 0.01
2882360 ODR_N 1 0.01
2882366 ODR_N 1 0.01
2882369 ODR_N 1 0.01
2882372 ODR_N 1 0.01
2882425 FDR_N 1 0.01
2882426 FDR_N 1 0.01
2882433 FDR_N 1 0.01
2884625 ODP_N 1 0.01
2884648 FDR_N 1 0.01
2884649 FDR_N 1 0.01
2884657 OWR_N 1 0.01
2884658 OWR_N 1 0.01
2884666 ODR_N 1 0.01
2884670 FDR_N 1 0.01
2884671 FDR_N 1 0.01
2884725 FDR_N 1 0.01
2886925 ODP_N 1 0.01
2886950 ODR_N 1 0.01
2886951 ODR_N 1 0.01
2886956 OWR_N 1 0.01
2886957 OWR_N 1 0.01
2886958 OWR_N 1 0.01
2886959 FDR_N 1 0.01
2886965 ODR_N 1 0.01
2886970 FDR_N 1 0.01
2886971 FDR_N 1 0.01
2886974 OWR_N 1 0.01
2887001 FDR_N 1 0.01
2887007 OWR_N 1 0.01
2887008 OWR_N 1 0.01
2887020 FDR_N 1 0.01
2887021 FDR_N 1 0.01
2887025 FDR_N 1 0.01
2887049 FDR_N 1 0.01
2889251 ODR_N 1 0.01
2889253 ODR_N 1 0.01
2889256 OWR_N 1 0.01
2889266 ODR_N 1 0.01
2889267 ODR_N 1 0.01
2889269 OWP_N 1 0.01
2889270 FDR_N 1 0.01
2889271 FDR_N 1 0.01
2889272 FDR_N 1 0.01
2889274 OWR_N 1 0.01
2889275 OWR_N 1 0.01
2889307 OWR_N 1 0.01
2889319 FDR_N 1 0.01
2889320 FDR_N 1 0.01
2889321 FDR_N 1 0.01
2889322 FDR_N 1 0.01
2889323 FDR_N 1 0.01
2889324 FDR_N 1 0.01
2889349 FDR_N 1 0.01
2891524 FDP_N 1 0.01
2891525 FDP_N 1 0.01
2891526 FDP_N 1 0.01
2891527 FDP_N 1 0.01
2891550 ODR_N 1 0.01
2891551 ODR_N 1 0.01
2891556 FDR_N 1 0.01
2891557 FDR_N 1 0.01
2891558 FDR_N 1 0.01
2891559 FDR_N 1 0.01
2891560 FDR_N 1 0.01
2891561 FDR_N 1 0.01
2891563 FDR_N 1 0.01
2891565 ODR_N 1 0.01
2891567 ODR_N 1 0.01
2891571 FDR_N 1 0.01
2891574 OWR_N 1 0.01
2891575 OWR_N 1 0.01
2891593 OWR_N 1 0.01
2891605 ODR_N 1 0.01
2891606 OWR_N 1 0.01
2891607 OWR_N 1 0.01
2891610 FDR_N 1 0.01
2891621 FDR_N 1 0.01
2891622 FDR_N 1 0.01
2891623 FDR_N 1 0.01
2891649 FDR_N 1 0.01
2891650 FWP_N 1 0.01
2893821 ODP_N 1 0.01
2893822 ODP_N 1 0.01
2893823 ODP_N 1 0.01
2893824 FDP_N 1 0.01
2893826 FDP_N 1 0.01
2893827 FDP_N 1 0.01
2893850 ODR_N 1 0.01
2893858 FDR_N 1 0.01
2893859 FDR_N 1 0.01
2893861 FDR_N 1 0.01
2893862 FDR_N 1 0.01
2893863 FDR_N 1 0.01
2893865 ODR_N 1 0.01
2893866 ODR_N 1 0.01
2893867 ODR_N 1 0.01
2893871 FDR_N 1 0.01
2893892 FDR_N 1 0.01
2893906 ODR_N 1 0.01
2893908 FDR_N 1 0.01
2893909 FDR_N 1 0.01
2893910 FDR_N 1 0.01
2893948 FDR_N 1 0.01
2896121 ODP_N 1 0.01
2896123 ODP_N 1 0.01
2896125 FDR_N 1 0.01
2896127 FWR_N 1 0.01
2896159 FDR_N 1 0.01
2896165 ODR_N 1 0.01
2896166 ODR_N 1 0.01
2896169 FDR_N 1 0.01
2896171 FDR_N 1 0.01
2896191 FDR_N 1 0.01
2896192 FDR_N 1 0.01
2896193 FDR_N 1 0.01
2896196 OWR_N 1 0.01
2896208 FDR_N 1 0.01
2898421 ODP_N 1 0.01
2898422 ODP_N 1 0.01
2898423 ODP_N 1 0.01
2898424 FDP_N 1 0.01
2898425 FDP_N 1 0.01
2898426 FDP_N 1 0.01
2898427 FDP_N 1 0.01
2898459 FDR_N 1 0.01
2898460 FDR_N 1 0.01
2898466 FWP_N 1 0.01
2898469 FDR_N 1 0.01
2898470 FDR_N 1 0.01
2898471 FDR_N 1 0.01
2898472 FDR_N 1 0.01
2898473 OWR_N 1 0.01
2898492 FDR_N 1 0.01
2898494 FDR_N 1 0.01
2898508 FDR_N 1 0.01
2898509 FDR_N 1 0.01
2898510 FDR_N 1 0.01
2898548 FDR_N 1 0.01
2900721 ODP_N 1 0.01
2900722 ODP_N 1 0.01
2900723 ODP_N 1 0.01
2900724 FDP_N 1 0.01
2900725 FDP_N 1 0.01
2900726 FDP_N 1 0.01
2900727 FDP_N 1 0.01
2900728 FDP_N 1 0.01
2900759 FDR_N 1 0.01
2900760 FDR_N 1 0.01
2900770 FDR_N 1 0.01
2900771 FDR_N 1 0.01
2900772 FDR_N 1 0.01
2900794 FDR_N 1 0.01
2900812 FDR_N 1 0.01
2900813 FDR_N 1 0.01
2900819 ODR_N 1 0.01
2900820 ODR_N 1 0.01
2900824 OWR_N 1 0.01
2903021 ODP_N 1 0.01
2903022 ODP_N 1 0.01
2903024 FDP_N 1 0.01
2903025 FDP_N 1 0.01
2903026 FDP_N 1 0.01
2903027 FDP_N 1 0.01
2903028 FDP_N 1 0.01
2903058 FDR_N 1 0.01
2903059 FDR_N 1 0.01
2903063 FDR_N 1 0.01
2903064 FDR_N 1 0.01
2903065 FDR_N 1 0.01
2903070 FDR_N 1 0.01
2903072 FDR_N 1 0.01
2903073 FDR_N 1 0.01
2903111 FDR_N 1 0.01
2903112 FDR_N 1 0.01
2905325 FDP_N 1 0.01
2905326 FDP_N 1 0.01
2905327 FDP_N 1 0.01
2905328 FDP_N 1 0.01
2905358 FDR_N 1 0.01
2905359 FDR_N 1 0.01
2905363 FDR_N 1 0.01
2905364 FDR_N 1 0.01
2905365 FDR_N 1 0.01
2905366 FDR_N 1 0.01
2905369 OWP_N 1 0.01
2905370 FDR_N 1 0.01
2905371 FDR_N 1 0.01
2905372 FDR_N 1 0.01
2905373 FDR_N 1 0.01
2905374 FDR_N 1 0.01
2905409 FDR_N 1 0.01
2905411 FDR_N 1 0.01
2905412 FDR_N 1 0.01
2905413 FDR_N 1 0.01
2905422 ODR_N 1 0.01
2905424 FDR_N 1 0.01
2907624 ODP_N 1 0.01
2907660 ODR_N 1 0.01
2907661 ODR_N 1 0.01
2907662 ODR_N 1 0.01
2907663 FDR_N 1 0.01
2907664 FDR_N 1 0.01
2907666 FDR_N 1 0.01
2907669 OWP_N 1 0.01
2907671 FDR_N 1 0.01
2907672 FDR_N 1 0.01
2907700 ODR_N 1 0.01
2907701 ODR_N 1 0.01
2907709 FDR_N 1 0.01
2907710 FDR_N 1 0.01
2907711 FDR_N 1 0.01
2907712 FDR_N 1 0.01
2907713 FDR_N 1 0.01
2907715 ODP_N 1 0.01
2907716 ODP_N 1 0.01
2909916 FWP_N 1 0.01
2909957 FDR_N 1 0.01
2909958 FDR_N 1 0.01
2909959 FDR_N 1 0.01
2909960 ODR_N 1 0.01
2909964 FDR_N 1 0.01
2909967 OWR_N 1 0.01
2909971 FWP_N 1 0.01
2909972 FWP_N 1 0.01
2909973 FDP_N 1 0.01
2909975 FDR_N 1 0.01
2909978 FDR_N 1 0.01
2910000 ODR_N 1 0.01
2910001 ODR_N 1 0.01
2910009 FDR_N 1 0.01
2910011 FDR_N 1 0.01
2910012 FDR_N 1 0.01
2910015 ODP_N 1 0.01
2910016 ODP_N 1 0.01
2910022 FDP_N 1 0.01
2912217 FDP_N 1 0.01
2912218 FDP_N 1 0.01
2912219 FDP_N 1 0.01
2912257 FDR_N 1 0.01
2912258 FDR_N 1 0.01
2912259 FDR_N 1 0.01
2912262 FDR_N 1 0.01
2912268 FDR_N 1 0.01
2912269 FDR_N 1 0.01
2912272 FWP_N 1 0.01
2912274 FDR_N 1 0.01
2912275 FDR_N 1 0.01
2912279 ODP_N 1 0.01
2912293 FDR_N 1 0.01
2912297 ODR_N 1 0.01
2912301 ODR_N 1 0.01
2912302 ODR_N 1 0.01
2912307 OWR_N 1 0.01
2912308 OWR_N 1 0.01
2912309 OWR_N 1 0.01
2912310 OWR_N 1 0.01
2912315 ODP_N 1 0.01
2912316 ODP_N 1 0.01
2912320 FDR_N 1 0.01
2912321 FDR_N 1 0.01
2914517 FDP_N 1 0.01
2914518 FDP_N 1 0.01
2914519 FDP_N 1 0.01
2914557 FDR_N 1 0.01
2914558 FDR_N 1 0.01
2914560 FWR_N 1 0.01
2914567 OWR_N 1 0.01
2914568 FDR_N 1 0.01
2914569 FDR_N 1 0.01
2914570 FDR_N 1 0.01
2914571 FDR_N 1 0.01
2914572 FDR_N 1 0.01
2914573 FDR_N 1 0.01
2914574 FDR_N 1 0.01
2914575 FDR_N 1 0.01
2914576 FDR_N 1 0.01
2914577 FDR_N 1 0.01
2914578 FDR_N 1 0.01
2914599 FDR_N 1 0.01
2914600 FDR_N 1 0.01
2914603 ODR_N 1 0.01
2914604 ODR_N 1 0.01
2914605 OWR_N 1 0.01
2914606 OWR_N 1 0.01
2914607 OWR_N 1 0.01
2914608 OWR_N 1 0.01
2914609 OWR_N 1 0.01
2914610 OWR_N 1 0.01
2914611 OWP_N 1 0.01
2914613 ODR_N 1 0.01
2914614 ODR_N 1 0.01
2914619 FDR_N 1 0.01
2914620 FDR_N 1 0.01
2916817 FDP_N 1 0.01
2916818 FDP_N 1 0.01
2916855 FWR_N 1 0.01
2916856 FWR_N 1 0.01
2916858 FDR_N 1 0.01
2916867 OWR_N 1 0.01
2916869 OWR_N 1 0.01
2916870 OWR_N 1 0.01
2916873 FDR_N 1 0.01
2916875 FDR_N 1 0.01
2916876 FDR_N 1 0.01
2916877 FDR_N 1 0.01
2916887 FDR_N 1 0.01
2916888 FDR_N 1 0.01
2916896 ODR_N 1 0.01
2916900 FDR_N 1 0.01
2916901 FDR_N 1 0.01
2916904 ODR_N 1 0.01
2916905 OWR_N 1 0.01
2916906 OWR_N 1 0.01
2916907 OWR_N 1 0.01
2916913 ODR_N 1 0.01
2916914 ODR_N 1 0.01
2916917 FDR_N 1 0.01
2916944 ODR_N 1 0.01
2916945 ODR_N 1 0.01
2916946 ODR_N 1 0.01
2916947 ODR_N 1 0.01
2916948 ODR_N 1 0.01
2916949 ODR_N 1 0.01
2916950 ODR_N 1 0.01
2916951 ODR_N 1 0.01
2919154 FWR_N 1 0.01
2919155 FWR_N 1 0.01
2919156 FWR_N 1 0.01
2919158 FDR_N 1 0.01
2919169 OWR_N 1 0.01
2919170 FWP_N 1 0.01
2919171 FWP_N 1 0.01
2919172 FWP_N 1 0.01
2919174 FDR_N 1 0.01
2919176 FDR_N 1 0.01
2919177 FDR_N 1 0.01
2919180 FDR_N 1 0.01
2919200 FDR_N 1 0.01
2919201 FDR_N 1 0.01
2919212 ODR_N 1 0.01
2919213 ODR_N 1 0.01
2919214 ODR_N 1 0.01
2919216 FDR_N 1 0.01
2919217 FDR_N 1 0.01
2919218 FDR_N 1 0.01
2919219 FDR_N 1 0.01
2919241 FDR_N 1 0.01
2919242 FDR_N 1 0.01
2919243 FDR_N 1 0.01
2919246 ODR_N 1 0.01
2919247 ODR_N 1 0.01
2919251 ODR_N 1 0.01
2921425 ODR_N 1 0.01
2921454 FWR_N 1 0.01
2921455 FWR_N 1 0.01
2921457 FDR_N 1 0.01
2921458 FDR_N 1 0.01
2921459 FDR_N 1 0.01
2921469 ODR_N 1 0.01
2921470 ODR_N 1 0.01
2921472 FWP_N 1 0.01
2921475 FWP_N 1 0.01
2921477 FDR_N 1 0.01
2921497 FDR_N 1 0.01
2921498 FDR_N 1 0.01
2921499 FDR_N 1 0.01
2921505 FDR_N 1 0.01
2921506 FDR_N 1 0.01
2921518 FDR_N 1 0.01
2921526 FDR_N 1 0.01
2921527 FDR_N 1 0.01
2921528 FDR_N 1 0.01
2921529 FDR_N 1 0.01
2921540 OWR_N 1 0.01
2921542 FDR_N 1 0.01
2921551 ODR_N 1 0.01
2923724 ODR_N 1 0.01
2923725 ODR_N 1 0.01
2923726 ODR_N 1 0.01
2923727 ODR_N 1 0.01
2923754 FWR_N 1 0.01
2923755 FWR_N 1 0.01
2923758 FDR_N 1 0.01
2923759 FDR_N 1 0.01
2923770 ODR_N 1 0.01
2923777 FDR_N 1 0.01
2923796 FDR_N 1 0.01
2923797 FDR_N 1 0.01
2923805 FDR_N 1 0.01
2923825 FDR_N 1 0.01
2923826 FDR_N 1 0.01
2923827 FDR_N 1 0.01
2923828 FDR_N 1 0.01
2923829 FDR_N 1 0.01
2923830 FDR_N 1 0.01
2923839 OWR_N 1 0.01
2923840 OWR_N 1 0.01
2923841 OWR_N 1 0.01
2926023 ODR_N 1 0.01
2926025 ODR_N 1 0.01
2926026 ODR_N 1 0.01
2926028 ODR_N 1 0.01
2926041 FDP_N 1 0.01
2926042 FDP_N 1 0.01
2926054 FDR_N 1 0.01
2926055 FDR_N 1 0.01
2926056 FDR_N 1 0.01
2926057 FDR_N 1 0.01
2926058 FDR_N 1 0.01
2926059 FDR_N 1 0.01
2926068 FDR_N 1 0.01
2926069 FDR_N 1 0.01
2926097 FDR_N 1 0.01
2926106 FDR_N 1 0.01
2926124 FDR_N 1 0.01
2926125 FDR_N 1 0.01
2926126 FDR_N 1 0.01
2926127 FDR_N 1 0.01
2926128 FDR_N 1 0.01
2926129 FDR_N 1 0.01
2926130 FDR_N 1 0.01
2926131 FDR_N 1 0.01
2928323 ODR_N 1 0.01
2928324 ODR_N 1 0.01
2928325 ODR_N 1 0.01
2928327 ODR_N 1 0.01
2928328 ODR_N 1 0.01
2928342 FDR_N 1 0.01
2928343 FDR_N 1 0.01
2928344 FDR_N 1 0.01
2928354 FDR_N 1 0.01
2928355 FDR_N 1 0.01
2928356 FDR_N 1 0.01
2928357 FDR_N 1 0.01
2928359 FDR_N 1 0.01
2928360 FDR_N 1 0.01
2928362 ODP_N 1 0.01
2928367 FDR_N 1 0.01
2928368 FDR_N 1 0.01
2928369 FDR_N 1 0.01
2928398 FDR_N 1 0.01
2928399 FDR_N 1 0.01
2928400 FDR_N 1 0.01
2928401 FDR_N 1 0.01
2928407 ODR_N 1 0.01
2928423 FDR_N 1 0.01
2928424 FDR_N 1 0.01
2928425 FDR_N 1 0.01
2928426 FDR_N 1 0.01
2928427 FDR_N 1 0.01
2928429 FDR_N 1 0.01
2928430 FDR_N 1 0.01
2930625 ODR_N 1 0.01
2930626 ODR_N 1 0.01
2930640 FDR_N 1 0.01
2930641 FDR_N 1 0.01
2930643 FDR_N 1 0.01
2930644 FDR_N 1 0.01
2930649 FDR_N 1 0.01
2930650 FDR_N 1 0.01
2930651 FDR_N 1 0.01
2930652 FDR_N 1 0.01
2930653 FDR_N 1 0.01
2930654 FDR_N 1 0.01
2930655 FDR_N 1 0.01
2930656 FDR_N 1 0.01
2930658 OWR_N 1 0.01
2930659 FDR_N 1 0.01
2930660 FDR_N 1 0.01
2930667 FDR_N 1 0.01
2930668 FDR_N 1 0.01
2930669 FDR_N 1 0.01
2930670 FDR_N 1 0.01
2930688 FWR_N 1 0.01
2930698 FDR_N 1 0.01
2930699 FDR_N 1 0.01
2930700 FDR_N 1 0.01
2930702 OWR_N 1 0.01
2930708 FDR_N 1 0.01
2930709 FDR_N 1 0.01
2930710 FDR_N 1 0.01
2930711 FDR_N 1 0.01
2930723 FDR_N 1 0.01
2930724 FDR_N 1 0.01
2930725 FDR_N 1 0.01
2930728 FDR_N 1 0.01
2930729 FDR_N 1 0.01
2930730 FDR_N 1 0.01
2930731 FDR_N 1 0.01
2932922 ODR_N 1 0.01
2932923 ODR_N 1 0.01
2932924 ODR_N 1 0.01
2932925 ODR_N 1 0.01
2932926 ODR_N 1 0.01
2932927 ODR_N 1 0.01
2932940 FDR_N 1 0.01
2932941 FDR_N 1 0.01
2932942 OWR_N 1 0.01
2932944 OWR_N 1 0.01
2932945 FDR_N 1 0.01
2932946 FDR_N 1 0.01
2932948 FDR_N 1 0.01
2932949 FDR_N 1 0.01
2932950 FDR_N 1 0.01
2932951 FDR_N 1 0.01
2932952 FDR_N 1 0.01
2932953 FDR_N 1 0.01
2932954 FDR_N 1 0.01
2932956 FDR_N 1 0.01
2932969 FDR_N 1 0.01
2932991 FDR_N 1 0.01
2932995 FWR_N 1 0.01
2933000 FDR_N 1 0.01
2933001 FDR_N 1 0.01
2933005 ODR_N 1 0.01
2933009 FDR_N 1 0.01
2933010 FDR_N 1 0.01
2933011 FDR_N 1 0.01
2933028 FDR_N 1 0.01
2933029 FDR_N 1 0.01
2933030 FDR_N 1 0.01
2933031 FDR_N 1 0.01
2933039 ODR_N 1 0.01
2935224 ODR_N 1 0.01
2935225 ODR_N 1 0.01
2935226 FWR_N 1 0.01
2935227 ODR_N 1 0.01
2935228 ODR_N 1 0.01
2935240 FDR_N 1 0.01
2935241 FDR_N 1 0.01
2935242 OWR_N 1 0.01
2935243 OWR_N 1 0.01
2935245 FDR_N 1 0.01
2935246 FDR_N 1 0.01
2935248 FDR_N 1 0.01
2935249 FDR_N 1 0.01
2935251 FDR_N 1 0.01
2935252 FDR_N 1 0.01
2935253 FDR_N 1 0.01
2935255 FDR_N 1 0.01
2935259 FDR_N 1 0.01
2935269 FDR_N 1 0.01
2935296 FDR_N 1 0.01
2935297 FDR_N 1 0.01
2935298 FDR_N 1 0.01
2935299 FDR_N 1 0.01
2935300 FDR_N 1 0.01
2935303 ODR_N 1 0.01
2935304 ODR_N 1 0.01
2935305 ODR_N 1 0.01
2935307 ODR_N 1 0.01
2935327 FDR_N 1 0.01
2935328 FDR_N 1 0.01
2935338 ODR_N 1 0.01
2935339 ODR_N 1 0.01
2937523 FDP_N 1 0.01
2937524 ODR_N 1 0.01
2937525 ODP_N 1 0.01
2937526 ODR_N 1 0.01
2937527 ODR_N 1 0.01
2937528 ODR_N 1 0.01
2937541 FDR_N 1 0.01
2937542 FDR_N 1 0.01
2937543 ODP_N 1 0.01
2937545 FDR_N 1 0.01
2937548 FDR_N 1 0.01
2937549 FDR_N 1 0.01
2937551 FDR_N 1 0.01
2937552 FDR_N 1 0.01
2937568 FDR_N 1 0.01
2937594 FWR_N 1 0.01
2937596 FDR_N 1 0.01
2937597 FWR_N 1 0.01
2937599 OWR_N 1 0.01
2937602 FDR_N 1 0.01
2937604 ODR_N 1 0.01
2937605 ODR_N 1 0.01
2937627 FDR_N 1 0.01
2937628 FDR_N 1 0.01
2939824 ODR_N 1 0.01
2939825 ODP_N 1 0.01
2939826 ODR_N 1 0.01
2939827 FWR_N 1 0.01
2939842 FDR_N 1 0.01
2939845 FDR_N 1 0.01
2939846 FDR_N 1 0.01
2939847 FDR_N 1 0.01
2939848 FDR_N 1 0.01
2939851 FDR_N 1 0.01
2939852 FDR_N 1 0.01
2939864 ODP_N 1 0.01
2939866 FDR_N 1 0.01
2939895 ODR_N 1 0.01
2939896 FWR_N 1 0.01
2939899 OWR_N 1 0.01
2939904 ODR_N 1 0.01
2939905 ODR_N 1 0.01
2939906 ODR_N 1 0.01
2939907 ODR_N 1 0.01
2939908 ODR_N 1 0.01
2939936 FDR_N 1 0.01
2942125 ODR_N 1 0.01
2942126 ODR_N 1 0.01
2942128 FDR_N 1 0.01
2942143 FDP_N 1 0.01
2942145 FDR_N 1 0.01
2942146 FDR_N 1 0.01
2942147 FDR_N 1 0.01
2942148 FDR_N 1 0.01
2942152 FDR_N 1 0.01
2942162 ODP_N 1 0.01
2942163 ODP_N 1 0.01
2942164 ODP_N 1 0.01
2942165 ODP_N 1 0.01
2942167 ODP_N 1 0.01
2942168 ODP_N 1 0.01
2942169 FDR_N 1 0.01
2942203 ODR_N 1 0.01
2942204 ODR_N 1 0.01
2942206 ODR_N 1 0.01
2942207 ODR_N 1 0.01
2942209 OWR_N 1 0.01
2942210 FDR_N 1 0.01
2942211 FDR_N 1 0.01
2944425 FDP_N 1 0.01
2944427 FDR_N 1 0.01
2944428 FDR_N 1 0.01
2944445 FDR_N 1 0.01
2944447 FDR_N 1 0.01
2944448 FDR_N 1 0.01
2944449 FDR_N 1 0.01
2944451 ODR_N 1 0.01
2944462 ODP_N 1 0.01
2944463 ODP_N 1 0.01
2944464 ODP_N 1 0.01
2944497 FWR_N 1 0.01
2944499 OWR_N 1 0.01
2944505 ODR_N 1 0.01
2944506 ODR_N 1 0.01
2944507 ODR_N 1 0.01
2946727 FDP_N 1 0.01
2946728 FDP_N 1 0.01
2946743 FWP_N 1 0.01
2946744 FDR_N 1 0.01
2946745 FDR_N 1 0.01
2946747 FDR_N 1 0.01
2946748 FDR_N 1 0.01
2946752 ODR_N 1 0.01
2946753 ODR_N 1 0.01
2946756 ODP_N 1 0.01
2946761 ODP_N 1 0.01
2946762 ODP_N 1 0.01
2946798 OWP_N 1 0.01
2949025 ODR_N 1 0.01
2949026 ODR_N 1 0.01
2949027 ODR_N 1 0.01
2949028 ODR_N 1 0.01
2949037 ODP_N 1 0.01
2949038 ODP_N 1 0.01
2949039 ODP_N 1 0.01
2949053 ODR_N 1 0.01
2949060 ODP_N 1 0.01
2949061 ODP_N 1 0.01
2949065 FDR_N 1 0.01
2951325 ODR_N 1 0.01
2951327 ODR_N 1 0.01
2951328 ODR_N 1 0.01
2951336 ODP_N 1 0.01
2951337 ODP_N 1 0.01
2951338 ODP_N 1 0.01
2951339 ODP_N 1 0.01
2951340 ODP_N 1 0.01
2951349 ODP_N 1 0.01
2951350 ODP_N 1 0.01
2951351 ODP_N 1 0.01
2951352 ODP_N 1 0.01
2951353 ODR_N 1 0.01
2951360 ODP_N 1 0.01
2951365 FDR_N 1 0.01
2953626 ODR_N 1 0.01
2953627 ODR_N 1 0.01
2953628 ODR_N 1 0.01
2953636 ODP_N 1 0.01
2953637 ODP_N 1 0.01
2953638 ODP_N 1 0.01
2953639 ODP_N 1 0.01
2953640 ODP_N 1 0.01
2953641 ODP_N 1 0.01
2953642 ODP_N 1 0.01
2953648 ODP_N 1 0.01
2953649 ODP_N 1 0.01
2953650 ODP_N 1 0.01
2953651 ODP_N 1 0.01
2953652 ODP_N 1 0.01
2953655 ODR_N 1 0.01
2953659 OWR_N 1 0.01
2953660 ODP_N 1 0.01
2953661 ODP_N 1 0.01
2953662 ODP_N 1 0.01
2953666 ODR_N 1 0.01
2953668 ODP_N 1 0.01
2955928 ODR_N 1 0.01
2955930 ODR_N 1 0.01
2955931 ODR_N 1 0.01
2955934 ODR_N 1 0.01
2955937 ODP_N 1 0.01
2955939 ODP_N 1 0.01
2955941 ODP_N 1 0.01
2955942 ODP_N 1 0.01
2955943 ODP_N 1 0.01
2955957 OWR_N 1 0.01
2955958 OWR_N 1 0.01
2955959 OWR_N 1 0.01
2955961 FDR_N 1 0.01
2955963 ODP_N 1 0.01
2955967 ODR_N 1 0.01
2955970 FDR_N 1 0.01
2956017 ODR_N 1 0.01
2958228 ODR_N 1 0.01
2958229 ODR_N 1 0.01
2958231 ODR_N 1 0.01
2958232 ODR_N 1 0.01
2958233 ODR_N 1 0.01
2958234 ODR_N 1 0.01
2958235 ODR_N 1 0.01
2958237 ODP_N 1 0.01
2958245 ODR_N 1 0.01
2958246 OWP_N 1 0.01
2958247 OWR_N 1 0.01
2958248 OWR_N 1 0.01
2958251 FWP_N 1 0.01
2958253 OWR_N 1 0.01
2958254 OWR_N 1 0.01
2958255 OWR_N 1 0.01
2958258 OWR_N 1 0.01
2958259 OWR_N 1 0.01
2958260 OWR_N 1 0.01
2958262 FDR_N 1 0.01
2958263 FDR_N 1 0.01
2958264 FDR_N 1 0.01
2958265 FDR_N 1 0.01
2958267 ODR_N 1 0.01
2960528 ODR_N 1 0.01
2960533 ODR_N 1 0.01
2960534 ODR_N 1 0.01
2960535 ODR_N 1 0.01
2960536 ODR_N 1 0.01
2960540 ODR_N 1 0.01
2960541 ODR_N 1 0.01
2960542 ODR_N 1 0.01
2960545 ODR_N 1 0.01
2960547 OWR_N 1 0.01
2960548 OWR_N 1 0.01
2960550 OWR_N 1 0.01
2960551 OWR_N 1 0.01
2960552 OWR_N 1 0.01
2960553 OWR_N 1 0.01
2960556 OWR_N 1 0.01
2960558 OWR_N 1 0.01
2960560 OWR_N 1 0.01
2960561 OWR_N 1 0.01
2960563 FDR_N 1 0.01
2960564 FDR_N 1 0.01
2960565 FDR_N 1 0.01
2960566 FDR_N 1 0.01
2960570 ODR_N 1 0.01
2960571 ODR_N 1 0.01
2962831 ODR_N 1 0.01
2962832 ODR_N 1 0.01
2962835 ODR_N 1 0.01
2962836 ODR_N 1 0.01
2962838 ODR_N 1 0.01
2962839 ODR_N 1 0.01
2962840 ODR_N 1 0.01
2962841 ODR_N 1 0.01
2962842 ODR_N 1 0.01
2962843 ODR_N 1 0.01
2962844 ODR_N 1 0.01
2962845 ODR_N 1 0.01
2962847 OWR_N 1 0.01
2962848 OWR_N 1 0.01
2962849 OWP_N 1 0.01
2962854 FDR_N 1 0.01
2962856 OWR_N 1 0.01
2962857 FDR_N 1 0.01
2962858 FDR_N 1 0.01
2962859 FDR_N 1 0.01
2962860 FDR_N 1 0.01
2962861 FDR_N 1 0.01
2962867 FWP_N 1 0.01
2962870 ODR_N 1 0.01
2962872 FWP_N 1 0.01
2965129 ODP_N 1 0.01
2965131 ODR_N 1 0.01
2965132 ODR_N 1 0.01
2965133 ODR_N 1 0.01
2965134 ODR_N 1 0.01
2965137 ODR_N 1 0.01
2965138 ODR_N 1 0.01
2965139 ODR_N 1 0.01
2965140 ODR_N 1 0.01
2965141 ODR_N 1 0.01
2965142 ODR_N 1 0.01
2965143 ODR_N 1 0.01
2965144 ODR_N 1 0.01
2965145 ODR_N 1 0.01
2965150 FWR_N 1 0.01
2965151 FWR_N 1 0.01
2965152 FWR_N 1 0.01
2965154 FDR_N 1 0.01
2965155 FDR_N 1 0.01
2965157 FDR_N 1 0.01
2965159 FDR_N 1 0.01
2965160 FDR_N 1 0.01
2965161 FDR_N 1 0.01
2965164 FDR_N 1 0.01
2965165 FDR_N 1 0.01
2965166 FDR_N 1 0.01
2965171 FDP_N 1 0.01
2967436 ODR_N 1 0.01
2967437 ODR_N 1 0.01
2967438 ODR_N 1 0.01
2967439 ODR_N 1 0.01
2967442 OWR_N 1 0.01
2967444 FWR_N 1 0.01
2967445 ODR_N 1 0.01
2967446 ODR_N 1 0.01
2967450 FWR_N 1 0.01
2967455 FDR_N 1 0.01
2967456 FDR_N 1 0.01
2967457 FDR_N 1 0.01
2967458 FDR_N 1 0.01
2967460 FDR_N 1 0.01
2967463 FDR_N 1 0.01
2967464 FDR_N 1 0.01
2967465 FDR_N 1 0.01
2967470 ODR_N 1 0.01
2967473 FWP_N 1 0.01
2967475 OWR_N 1 0.01
2967476 OWR_N 1 0.01
2967524 FWR_N 1 0.01
2967525 FWR_N 1 0.01
2969730 ODR_N 1 0.01
2969732 FWP_N 1 0.01
2969733 FWP_N 1 0.01
2969735 ODR_N 1 0.01
2969736 ODR_N 1 0.01
2969737 ODR_N 1 0.01
2969738 ODR_N 1 0.01
2969739 ODR_N 1 0.01
2969740 ODR_N 1 0.01
2969741 ODR_N 1 0.01
2969744 FWR_N 1 0.01
2969745 ODR_N 1 0.01
2969746 ODR_N 1 0.01
2969754 FDR_N 1 0.01
2969755 FDR_N 1 0.01
2969756 FDR_N 1 0.01
2969758 FDR_N 1 0.01
2969759 FDR_N 1 0.01
2969762 FDR_N 1 0.01
2969763 FDR_N 1 0.01
2969764 FDR_N 1 0.01
2969768 ODR_N 1 0.01
2969769 ODR_N 1 0.01
2969770 ODR_N 1 0.01
2969824 FWR_N 1 0.01
2972032 ODR_N 1 0.01
2972033 ODR_N 1 0.01
2972034 ODR_N 1 0.01
2972035 ODR_N 1 0.01
2972036 ODR_N 1 0.01
2972044 ODR_N 1 0.01
2972045 ODR_N 1 0.01
2972047 ODR_N 1 0.01
2972054 FDR_N 1 0.01
2972055 FDR_N 1 0.01
2972056 FDR_N 1 0.01
2972057 FDR_N 1 0.01
2972058 FDR_N 1 0.01
2972059 FDR_N 1 0.01
2972067 ODR_N 1 0.01
2972070 ODR_N 1 0.01
2972112 ODR_N 1 0.01
2972113 ODR_N 1 0.01
2974322 FWR_N 1 0.01
2974323 FWR_N 1 0.01
2974331 ODR_N 1 0.01
2974332 ODR_N 1 0.01
2974333 ODR_N 1 0.01
2974334 ODR_N 1 0.01
2974335 OWR_N 1 0.01
2974344 ODR_N 1 0.01
2974345 ODR_N 1 0.01
2974347 ODR_N 1 0.01
2974348 ODR_N 1 0.01
2974355 FDR_N 1 0.01
2974356 FDR_N 1 0.01
2974357 FDR_N 1 0.01
2974358 FDR_N 1 0.01
2974361 FWP_N 1 0.01
2974362 ODR_N 1 0.01
2974402 ODR_N 1 0.01
2974403 ODR_N 1 0.01
2974404 ODR_N 1 0.01
2974405 ODR_N 1 0.01
2974407 OWR_N 1 0.01
2974408 FDR_N 1 0.01
2974411 ODR_N 1 0.01
2974412 ODR_N 1 0.01
2974413 ODR_N 1 0.01
2974424 OWR_N 1 0.01
2974425 OWR_N 1 0.01
2976621 FDP_N 1 0.01
2976622 FDP_N 1 0.01
2976623 FDP_N 1 0.01
2976656 FWP_N 1 0.01
2976658 FDR_N 1 0.01
2976663 ODR_N 1 0.01
2976699 ODR_N 1 0.01
2976700 ODR_N 1 0.01
2976704 ODR_N 1 0.01
2976723 ODR_N 1 0.01
2976724 OWR_N 1 0.01
2978921 FDP_N 1 0.01
2978957 FDR_N 1 0.01
2978962 ODR_N 1 0.01
2978963 ODR_N 1 0.01
2978964 OWR_N 1 0.01
2978965 OWR_N 1 0.01
2979001 FWR_N 1 0.01
2981220 ODP_N 1 0.01
2981235 FDP_N 1 0.01
2981236 FDP_N 1 0.01
2981252 ODR_N 1 0.01
2981257 FDR_N 1 0.01
2981264 OWR_N 1 0.01
2981265 OWR_N 1 0.01
2981323 ODR_N 1 0.01
2983519 ODP_N 1 0.01
2983520 ODP_N 1 0.01
2983521 FWR_N 1 0.01
2983535 FDR_N 1 0.01
2983536 FDP_N 1 0.01
2983552 ODR_N 1 0.01
2983553 FDP_N 1 0.01
2983558 FDR_N 1 0.01
2983559 FDR_N 1 0.01
2983560 FDR_N 1 0.01
2983564 FDR_N 1 0.01
2983597 ODR_N 1 0.01
2983598 ODR_N 1 0.01
2983599 ODR_N 1 0.01
2983600 ODR_N 1 0.01
2983623 ODR_N 1 0.01
2983624 ODR_N 1 0.01
2983625 ODR_N 1 0.01
2983628 ODR_N 1 0.01
2983629 ODR_N 1 0.01
2983630 ODR_N 1 0.01
2983633 ODR_N 1 0.01
2983635 OWR_N 1 0.01
2983639 ODR_N 1 0.01
2983640 ODR_N 1 0.01
2983641 ODR_N 1 0.01
2985817 FWR_N 1 0.01
2985820 ODP_N 1 0.01
2985835 FDP_N 1 0.01
2985853 FDR_N 1 0.01
2985854 FDR_N 1 0.01
2985858 OWR_N 1 0.01
2985859 OWR_N 1 0.01
2985860 OWR_N 1 0.01
2985861 OWR_N 1 0.01
2985864 FDR_N 1 0.01
2985865 FDR_N 1 0.01
2985898 ODR_N 1 0.01
2985899 ODR_N 1 0.01
2985914 ODR_N 1 0.01
2985917 ODR_N 1 0.01
2985933 ODR_N 1 0.01
2985934 ODR_N 1 0.01
2985941 ODR_N 1 0.01
2985942 ODR_N 1 0.01
2988117 FWR_N 1 0.01
2988118 FWR_N 1 0.01
2988121 ODR_N 1 0.01
2988122 ODR_N 1 0.01
2988123 ODR_N 1 0.01
2988124 ODR_N 1 0.01
2988126 OWR_N 1 0.01
2988127 OWR_N 1 0.01
2988128 OWR_N 1 0.01
2988136 OWR_N 1 0.01
2988137 OWR_N 1 0.01
2988151 FDR_N 1 0.01
2988154 FDR_N 1 0.01
2988164 FDR_N 1 0.01
2988165 FDR_N 1 0.01
2988198 ODR_N 1 0.01
2988199 ODR_N 1 0.01
2990417 FWR_N 1 0.01
2990419 ODR_N 1 0.01
2990420 ODR_N 1 0.01
2990421 ODR_N 1 0.01
2990422 ODR_N 1 0.01
2990425 FWP_N 1 0.01
2990426 OWR_N 1 0.01
2990430 FDR_N 1 0.01
2990450 FDR_N 1 0.01
2990451 FDR_N 1 0.01
2990454 FDR_N 1 0.01
2990455 FDR_N 1 0.01
2990463 FDR_N 1 0.01
2990467 FDR_N 1 0.01
2990533 FDR_N 1 0.01
2990535 FWR_N 1 0.01
2992718 ODR_N 1 0.01
2992719 ODR_N 1 0.01
2992720 ODR_N 1 0.01
2992721 ODR_N 1 0.01
2992722 ODR_N 1 0.01
2992723 FWP_N 1 0.01
2992749 FDR_N 1 0.01
2992763 FDR_N 1 0.01
2992764 FDR_N 1 0.01
2992765 FDR_N 1 0.01
2992766 FDR_N 1 0.01
2992835 FWR_N 1 0.01
2995018 ODR_N 1 0.01
2995019 ODR_N 1 0.01
2995024 ODR_N 1 0.01
2995050 FDR_N 1 0.01
2995051 FDR_N 1 0.01
2995055 ODR_N 1 0.01
2995056 ODR_N 1 0.01
2995057 ODR_N 1 0.01
2995058 ODR_N 1 0.01
2995064 FDR_N 1 0.01
2995065 FDR_N 1 0.01
2995066 FDR_N 1 0.01
2995075 ODR_N 1 0.01
2995092 FDR_N 1 0.01
2995093 FDR_N 1 0.01
2995135 FWR_N 1 0.01
2995146 FDR_N 1 0.01
2997355 ODR_N 1 0.01
2997356 ODR_N 1 0.01
2997357 ODR_N 1 0.01
2997365 FDR_N 1 0.01
2997366 FDR_N 1 0.01
2997375 ODR_N 1 0.01
2997390 FDR_N 1 0.01
2997391 FDR_N 1 0.01
2997392 FDR_N 1 0.01
2999654 ODR_N 1 0.01
2999655 ODR_N 1 0.01
2999656 ODR_N 1 0.01
2999657 ODR_N 1 0.01
2999675 ODR_N 1 0.01
2999677 ODR_N 1 0.01
2999688 FDR_N 1 0.01
2999689 FDR_N 1 0.01
2999690 FDR_N 1 0.01
2999691 FDR_N 1 0.01
2999692 FWR_N 1 0.01
3001922 FDR_N 1 0.01
3001923 FDR_N 1 0.01
3001924 FDR_N 1 0.01
3001977 ODR_N 1 0.01
3001978 ODR_N 1 0.01
3001989 FDR_N 1 0.01
3001990 OWR_N 1 0.01
3001991 OWR_N 1 0.01
3004221 FDR_N 1 0.01
3004222 FDR_N 1 0.01
3004223 FDR_N 1 0.01
3004224 FDR_N 1 0.01
3004232 FDR_N 1 0.01
3004233 FDR_N 1 0.01
3004234 FDR_N 1 0.01
3004235 FDR_N 1 0.01
3004244 FWR_N 1 0.01
3004245 FWR_N 1 0.01
3004288 FDR_N 1 0.01
3004290 OWR_N 1 0.01
3004291 OWR_N 1 0.01
3004292 OWR_N 1 0.01
3006521 OWP_N 1 0.01
3006524 FDR_N 1 0.01
3006531 FDR_N 1 0.01
3006532 FDR_N 1 0.01
3006533 FDR_N 1 0.01
3006534 FDR_N 1 0.01
3006536 FDP_N 1 0.01
3006544 FWR_N 1 0.01
3006545 FWR_N 1 0.01
3006546 FWR_N 1 0.01
3006549 FWR_N 1 0.01
3006550 OWR_N 1 0.01
3006551 OWR_N 1 0.01
3006588 FDR_N 1 0.01
3006589 FDR_N 1 0.01
3006590 FDR_N 1 0.01
3006652 ODR_N 1 0.01
3008821 OWP_N 1 0.01
3008822 OWP_N 1 0.01
3008823 FDR_N 1 0.01
3008824 FDR_N 1 0.01
3008826 OWR_N 1 0.01
3008828 FDR_N 1 0.01
3008829 FDR_N 1 0.01
3008830 FDR_N 1 0.01
3008831 FDR_N 1 0.01
3008832 FDR_N 1 0.01
3008834 FDR_N 1 0.01
3008836 FDP_N 1 0.01
3008844 FWR_N 1 0.01
3008845 FWR_N 1 0.01
3008846 FWR_N 1 0.01
3008847 FWR_N 1 0.01
3008848 FWR_N 1 0.01
3008849 FWR_N 1 0.01
3008850 OWR_N 1 0.01
3008890 FDR_N 1 0.01
3008941 FDR_N 1 0.01
3008952 ODR_N 1 0.01
3011122 OWP_N 1 0.01
3011124 OWP_N 1 0.01
3011125 OWP_N 1 0.01
3011126 OWR_N 1 0.01
3011127 OWR_N 1 0.01
3011128 FDR_N 1 0.01
3011129 FDR_N 1 0.01
3011130 FDR_N 1 0.01
3011131 FDR_N 1 0.01
3011132 FDR_N 1 0.01
3011133 FDR_N 1 0.01
3011134 FDR_N 1 0.01
3011135 FDR_N 1 0.01
3011145 FWR_N 1 0.01
3011148 FWR_N 1 0.01
3011149 FWR_N 1 0.01
3011190 FDR_N 1 0.01
3011191 FDR_N 1 0.01
3011241 OWR_N 1 0.01
3013422 OWP_N 1 0.01
3013426 OWR_N 1 0.01
3013427 OWR_N 1 0.01
3013428 OWP_N 1 0.01
3013429 OWP_N 1 0.01
3013430 OWP_N 1 0.01
3013431 OWP_N 1 0.01
3013433 FDR_N 1 0.01
3013434 FDR_N 1 0.01
3013435 FDR_N 1 0.01
3013436 FDR_N 1 0.01
3013443 FWR_N 1 0.01
3013444 FWR_N 1 0.01
3013445 FWR_N 1 0.01
3013448 FDP_N 1 0.01
3013449 FWR_N 1 0.01
3013450 ODR_N 1 0.01
3013451 ODR_N 1 0.01
3015720 FWR_N 1 0.01
3015721 OWP_N 1 0.01
3015722 OWP_N 1 0.01
3015727 OWP_N 1 0.01
3015728 OWP_N 1 0.01
3015729 OWP_N 1 0.01
3015730 OWP_N 1 0.01
3015734 FDR_N 1 0.01
3015735 FDR_N 1 0.01
3015736 FDR_N 1 0.01
3015747 OWR_N 1 0.01
3015748 OWR_N 1 0.01
3015820 ODR_N 1 0.01
3015821 ODR_N 1 0.01
3015844 FDR_N 1 0.01
3018020 FWR_N 1 0.01
3018021 OWP_N 1 0.01
3018022 OWP_N 1 0.01
3018023 OWP_N 1 0.01
3018024 OWP_N 1 0.01
3018025 OWP_N 1 0.01
3018026 OWP_N 1 0.01
3018027 OWP_N 1 0.01
3018028 OWP_N 1 0.01
3018034 FDR_N 1 0.01
3018036 FDR_N 1 0.01
3018038 FDR_N 1 0.01
3018119 ODR_N 1 0.01
3018120 ODR_N 1 0.01
3018121 ODR_N 1 0.01
3018122 ODR_N 1 0.01
3018145 FWR_N 1 0.01
3018148 FWR_N 1 0.01
3020321 OWP_N 1 0.01
3020323 OWP_N 1 0.01
3020324 OWP_N 1 0.01
3020325 OWP_N 1 0.01
3020326 OWP_N 1 0.01
3020328 OWP_N 1 0.01
3020334 FDR_N 1 0.01
3020335 FDR_N 1 0.01
3020337 FDR_N 1 0.01
3020338 FDR_N 1 0.01
3020420 ODR_N 1 0.01
3020422 ODR_N 1 0.01
3020423 ODR_N 1 0.01
3022622 OWR_N 1 0.01
3022623 OWR_N 1 0.01
3022624 OWP_N 1 0.01
3022627 OWP_N 1 0.01
3022628 OWP_N 1 0.01
3022634 FDR_N 1 0.01
3022637 FDR_N 1 0.01
3022719 ODR_N 1 0.01
3022723 ODR_N 1 0.01
3024965 FDR_N 1 0.01
3024966 FDR_N 1 0.01
3025036 OWR_N 1 0.01
3027261 FDR_N 1 0.01
3027262 FDR_N 1 0.01
3027264 FDR_N 1 0.01
3027266 FDR_N 1 0.01
3027267 FDR_N 1 0.01
3027268 FDR_N 1 0.01
3027269 FDR_N 1 0.01
3027334 ODR_N 1 0.01
3027335 FWR_N 1 0.01
3027337 OWR_N 1 0.01
3029560 FDR_N 1 0.01
3029561 FDR_N 1 0.01
3029562 FDR_N 1 0.01
3029563 FDR_N 1 0.01
3029565 FDR_N 1 0.01
3029566 FDR_N 1 0.01
3029567 FDR_N 1 0.01
3029569 FDR_N 1 0.01
3029581 ODR_N 1 0.01
3029607 FDR_N 1 0.01
3029635 FWR_N 1 0.01
3029636 FWR_N 1 0.01
3029637 OWR_N 1 0.01
3031859 ODR_N 1 0.01
3031863 FDR_N 1 0.01
3031864 FDR_N 1 0.01
3031865 FDR_N 1 0.01
3031869 FDR_N 1 0.01
3031870 FDR_N 1 0.01
3031881 ODR_N 1 0.01
3031904 FDR_N 1 0.01
3031905 FDR_N 1 0.01
3031907 FDR_N 1 0.01
3031937 OWR_N 1 0.01
3034157 FDR_N 1 0.01
3034164 FDR_N 1 0.01
3034166 FDR_N 1 0.01
3034181 ODR_N 1 0.01
3034182 ODR_N 1 0.01
3034204 FDR_N 1 0.01
3034205 FDR_N 1 0.01
3034234 FWR_N 1 0.01
3034236 OWR_N 1 0.01
3034237 OWR_N 1 0.01
3034239 FWR_N 1 0.01
3036411 FDR_N 1 0.01
3036412 FDR_N 1 0.01
3036420 ODR_N 1 0.01
3036421 ODR_N 1 0.01
3036423 FDR_N 1 0.01
3036424 FDR_N 1 0.01
3036442 FDP_N 1 0.01
3036443 FDP_N 1 0.01
3036444 FDP_N 1 0.01
3036445 FDP_N 1 0.01
3036466 OWP_N 1 0.01
3036470 FDR_N 1 0.01
3036471 FDR_N 1 0.01
3036481 ODR_N 1 0.01
3036505 FDR_N 1 0.01
3036506 FDR_N 1 0.01
3036507 FDR_N 1 0.01
3036508 FDR_N 1 0.01
3036539 FWR_N 1 0.01
3038711 FDR_N 1 0.01
3038712 FDR_N 1 0.01
3038713 FDR_N 1 0.01
3038719 ODR_N 1 0.01
3038720 ODR_N 1 0.01
3038721 ODR_N 1 0.01
3038725 ODP_N 1 0.01
3038742 FDP_N 1 0.01
3038743 FDP_N 1 0.01
3038744 FDP_N 1 0.01
3038770 FDR_N 1 0.01
3038771 FDR_N 1 0.01
3038772 FDR_N 1 0.01
3038780 ODR_N 1 0.01
3038781 ODR_N 1 0.01
3038782 ODR_N 1 0.01
3038805 FDR_N 1 0.01
3038807 FDR_N 1 0.01
3038808 FDR_N 1 0.01
3038835 OWR_N 1 0.01
3038837 OWR_N 1 0.01
3038838 OWR_N 1 0.01
3041007 FWP_N 1 0.01
3041008 FWP_N 1 0.01
3041009 FWP_N 1 0.01
3041011 OWP_N 1 0.01
3041012 OWP_N 1 0.01
3041019 ODR_N 1 0.01
3041042 FDP_N 1 0.01
3041043 FDP_N 1 0.01
3041044 FDP_N 1 0.01
3041045 FWR_N 1 0.01
3041072 FDR_N 1 0.01
3041080 ODR_N 1 0.01
3041081 ODR_N 1 0.01
3041082 ODR_N 1 0.01
3041083 ODR_N 1 0.01
3041128 OWR_N 1 0.01
3041129 OWR_N 1 0.01
3041132 FDR_N 1 0.01
3041135 OWR_N 1 0.01
3041136 OWR_N 1 0.01
3041137 OWR_N 1 0.01
3043307 FWP_N 1 0.01
3043308 FWP_N 1 0.01
3043309 FDR_N 1 0.01
3043311 OWP_N 1 0.01
3043312 OWP_N 1 0.01
3043313 OWR_N 1 0.01
3043319 FWP_N 1 0.01
3043320 FWR_N 1 0.01
3043357 FWR_N 1 0.01
3043372 FDR_N 1 0.01
3043373 FDR_N 1 0.01
3043381 ODR_N 1 0.01
3043382 ODR_N 1 0.01
3043383 ODR_N 1 0.01
3043426 FDR_N 1 0.01
3043427 FDR_N 1 0.01
3043428 OWR_N 1 0.01
3043432 FDR_N 1 0.01
3043433 OWP_N 1 0.01
3045611 ODP_N 1 0.01
3045613 FDR_N 1 0.01
3045619 FWP_N 1 0.01
3045620 FWP_N 1 0.01
3045657 FWR_N 1 0.01
3045658 FWR_N 1 0.01
3045672 FDR_N 1 0.01
3045680 ODR_N 1 0.01
3045681 ODR_N 1 0.01
3047930 ODR_N 1 0.01
3047931 ODR_N 1 0.01
3047957 FDR_N 1 0.01
3047958 FDR_N 1 0.01
3047966 FDR_N 1 0.01
3048020 OWR_N 1 0.01
3048021 FWP_N 1 0.01
3048022 FWP_N 1 0.01
3050216 FWP_N 1 0.01
3050217 FWP_N 1 0.01
3050231 ODR_N 1 0.01
3050232 ODR_N 1 0.01
3050258 FDR_N 1 0.01
3050266 FDR_N 1 0.01
3050267 FDR_N 1 0.01
3050316 FDR_N 1 0.01
3050319 OWR_N 1 0.01
3050320 OWR_N 1 0.01
3050321 FWP_N 1 0.01
3050322 FWP_N 1 0.01
3050323 FWP_N 1 0.01
3052517 FWP_N 1 0.01
3052530 ODR_N 1 0.01
3052531 ODR_N 1 0.01
3052557 FDR_N 1 0.01
3052558 FDR_N 1 0.01
3052563 FDR_N 1 0.01
3052564 FDR_N 1 0.01
3052565 FDR_N 1 0.01
3052566 FDR_N 1 0.01
3052567 FDR_N 1 0.01
3052568 FDR_N 1 0.01
3052597 OWR_N 1 0.01
3052621 FWP_N 1 0.01
3054817 FWP_N 1 0.01
3054819 ODP_N 1 0.01
3054820 ODP_N 1 0.01
3054831 ODR_N 1 0.01
3054832 ODR_N 1 0.01
3054833 ODR_N 1 0.01
3054857 FDR_N 1 0.01
3054858 FDR_N 1 0.01
3054859 FDR_N 1 0.01
3054863 FDR_N 1 0.01
3054864 FDR_N 1 0.01
3054865 FDR_N 1 0.01
3054866 FDR_N 1 0.01
3054867 FDR_N 1 0.01
3054868 FDR_N 1 0.01
3054897 OWR_N 1 0.01
3054910 ODR_N 1 0.01
3054913 ODR_N 1 0.01
3057102 FWP_N 1 0.01
3057119 ODP_N 1 0.01
3057120 ODP_N 1 0.01
3057131 ODR_N 1 0.01
3057132 ODR_N 1 0.01
3057133 ODR_N 1 0.01
3057159 FDR_N 1 0.01
3057164 FDR_N 1 0.01
3057167 FDR_N 1 0.01
3057171 FDR_N 1 0.01
3057172 FDR_N 1 0.01
3057173 FDR_N 1 0.01
3057201 FWR_N 1 0.01
3057202 FWR_N 1 0.01
3057210 ODR_N 1 0.01
3057211 ODR_N 1 0.01
3059459 FDR_N 1 0.01
3059460 FDR_N 1 0.01
3059463 OWR_N 1 0.01
3059470 FDR_N 1 0.01
3059471 FDR_N 1 0.01
3059501 FWR_N 1 0.01
3059502 FWR_N 1 0.01
3059504 FDR_N 1 0.01
3059505 FDR_N 1 0.01
3059519 ODR_N 1 0.01
3061761 OWR_N 1 0.01
3061770 FDR_N 1 0.01
3061771 FDR_N 1 0.01
3061802 FDR_N 1 0.01
3061803 FDR_N 1 0.01
3061805 FDR_N 1 0.01
3061812 ODR_N 1 0.01
3061814 FDR_N 1 0.01
3061816 ODR_N 1 0.01
3064023 OWR_N 1 0.01
3064024 OWR_N 1 0.01
3064070 FDR_N 1 0.01
3064071 FDR_N 1 0.01
3064101 OWR_N 1 0.01
3064102 FDR_N 1 0.01
3064103 FDR_N 1 0.01
3064113 FDR_N 1 0.01
3064114 FDR_N 1 0.01
3064115 FDR_N 1 0.01
3064117 FDR_N 1 0.01
3066322 OWR_N 1 0.01
3066323 OWR_N 1 0.01
3066324 OWR_N 1 0.01
3066325 OWR_N 1 0.01
3066326 OWR_N 1 0.01
3066370 FDR_N 1 0.01
3066371 FDR_N 1 0.01
3066372 FDR_N 1 0.01
3066373 FDR_N 1 0.01
3066402 FDR_N 1 0.01
3066403 FDR_N 1 0.01
3066409 FDP_N 1 0.01
3066410 FDP_N 1 0.01
3066413 FDR_N 1 0.01
3066414 FDR_N 1 0.01
3066415 FDR_N 1 0.01
3066417 FDR_N 1 0.01
3068622 OWR_N 1 0.01
3068625 OWR_N 1 0.01
3068626 OWR_N 1 0.01
3068671 FDR_N 1 0.01
3068672 FDR_N 1 0.01
3068709 FDP_N 1 0.01
3068714 FDR_N 1 0.01
3068715 FDR_N 1 0.01
3068716 FDR_N 1 0.01
3070922 OWR_N 1 0.01
3070926 OWR_N 1 0.01
3071010 FDR_N 1 0.01
3073224 ODR_N 1 0.01
3073225 ODR_N 1 0.01
3073227 ODR_N 1 0.01
3073309 FDR_N 1 0.01
3073311 FDR_N 1 0.01
3073315 ODR_N 1 0.01
3073316 ODR_N 1 0.01
3075524 ODR_N 1 0.01
3075525 ODR_N 1 0.01
3075605 OWR_N 1 0.01
3075622 OWR_N 1 0.01
3075623 OWP_N 1 0.01
3077825 ODR_N 1 0.01
3077905 OWR_N 1 0.01
3077921 OWR_N 1 0.01
3077922 OWR_N 1 0.01
3080169 FDR_N 1 0.01
3080170 FDR_N 1 0.01
3080171 FDR_N 1 0.01
3080174 OWR_N 1 0.01
3080204 FDR_N 1 0.01
3080205 OWR_N 1 0.01
3080222 OWR_N 1 0.01
3082447 FDP_N 1 0.01
3082448 FDP_N 1 0.01
3082449 FDP_N 1 0.01
3082450 FDP_N 1 0.01
3082473 OWR_N 1 0.01
3082474 OWR_N 1 0.01
3082505 ODR_N 1 0.01
3084745 FDP_N 1 0.01
3084746 FDP_N 1 0.01
3084747 FDP_N 1 0.01
3084748 FDP_N 1 0.01
3084749 FDP_N 1 0.01
3084750 FDP_N 1 0.01
3084767 FDR_N 1 0.01
3084770 OWP_N 1 0.01
3084773 OWR_N 1 0.01
3084807 FDR_N 1 0.01
3084808 FDR_N 1 0.01
3087045 FDP_N 1 0.01
3087046 FDP_N 1 0.01
3087047 FDP_N 1 0.01
3087048 FDP_N 1 0.01
3087049 FDP_N 1 0.01
3087050 FDP_N 1 0.01
3087054 ODR_N 1 0.01
3087055 ODR_N 1 0.01
3087056 ODR_N 1 0.01
3087062 FWP_N 1 0.01
3087072 OWR_N 1 0.01
3087073 OWR_N 1 0.01
3087107 FDR_N 1 0.01
3089345 FDP_N 1 0.01
3089346 FDP_N 1 0.01
3089347 FDP_N 1 0.01
3089348 FDP_N 1 0.01
3089349 FDP_N 1 0.01
3089350 FDP_N 1 0.01
3089354 ODR_N 1 0.01
3089355 ODR_N 1 0.01
3089356 ODR_N 1 0.01
3089357 ODR_N 1 0.01
3089358 ODR_N 1 0.01
3089360 FWP_N 1 0.01
3089361 FWP_N 1 0.01
3089362 FWP_N 1 0.01
3089363 FWP_N 1 0.01
3089371 OWR_N 1 0.01
3091646 FDP_N 1 0.01
3091647 FDP_N 1 0.01
3091654 ODR_N 1 0.01
3091656 ODR_N 1 0.01
3091658 FWP_N 1 0.01
3091659 FWP_N 1 0.01
3091660 FWP_N 1 0.01
3091661 FWP_N 1 0.01
3091662 FWP_N 1 0.01
3091663 FWP_N 1 0.01
3091667 OWR_N 1 0.01
3091671 OWR_N 1 0.01
3093947 FDP_N 1 0.01
3093951 FDP_N 1 0.01
3093956 FDP_N 1 0.01
3093957 OWR_N 1 0.01
3093958 OWR_N 1 0.01
3093959 FWP_N 1 0.01
3093962 FWP_N 1 0.01
3093968 ODR_N 1 0.01
3093969 ODR_N 1 0.01
3093970 ODR_N 1 0.01
3093971 ODR_N 1 0.01
3096240 FWP_N 1 0.01
3096241 FWP_N 1 0.01
3096242 FWP_N 1 0.01
3096243 FWP_N 1 0.01
3096244 FDP_N 1 0.01
3096245 FDP_N 1 0.01
3096246 FDP_N 1 0.01
3096247 FDP_N 1 0.01
3096251 FDP_N 1 0.01
3096252 FDP_N 1 0.01
3096253 FDP_N 1 0.01
3096254 FDP_N 1 0.01
3096257 FDP_N 1 0.01
3096260 FWP_N 1 0.01
3096261 FWP_N 1 0.01
3096269 ODR_N 1 0.01
3096270 ODR_N 1 0.01
3096271 ODR_N 1 0.01
3098538 FWP_N 1 0.01
3098539 FWP_N 1 0.01
3098540 FWP_N 1 0.01
3098541 FWP_N 1 0.01
3098542 FWP_N 1 0.01
3098544 FDP_N 1 0.01
3098545 FDP_N 1 0.01
3098551 FDP_N 1 0.01
3098552 FDP_N 1 0.01
3098553 FDP_N 1 0.01
3098554 FWR_N 1 0.01
3098571 ODR_N 1 0.01
3100838 FWP_N 1 0.01
3100839 FWP_N 1 0.01
3100842 FWP_N 1 0.01
3100848 FDP_N 1 0.01
3100849 FDP_N 1 0.01
3100850 FDP_N 1 0.01
3100852 FDP_N 1 0.01
3100853 FDP_N 1 0.01
3100856 OWP_N 1 0.01
3100870 ODR_N 1 0.01
3100871 ODR_N 1 0.01
3100882 FDR_N 1 0.01
3100883 FDR_N 1 0.01
3100884 FDR_N 1 0.01
3100885 FDR_N 1 0.01
3100929 FDR_N 1 0.01
3103138 FWP_N 1 0.01
3103139 FWP_N 1 0.01
3103140 FWP_N 1 0.01
3103141 FWP_N 1 0.01
3103142 FWP_N 1 0.01
3103148 FDP_N 1 0.01
3103149 FDP_N 1 0.01
3103150 FDP_N 1 0.01
3103152 FDP_N 1 0.01
3103156 OWP_N 1 0.01
3103170 ODR_N 1 0.01
3103172 ODR_N 1 0.01
3103176 ODR_N 1 0.01
3103182 FDR_N 1 0.01
3103184 FDR_N 1 0.01
3103185 FDR_N 1 0.01
3103186 FDR_N 1 0.01
3103205 FWR_N 1 0.01
3103206 FWR_N 1 0.01
3103207 FWR_N 1 0.01
3103228 FDR_N 1 0.01
3105441 FWP_N 1 0.01
3105470 ODR_N 1 0.01
3105471 ODR_N 1 0.01
3105472 ODR_N 1 0.01
3105474 ODR_N 1 0.01
3105482 FDR_N 1 0.01
3105483 FDR_N 1 0.01
3105485 FDR_N 1 0.01
3105502 OWR_N 1 0.01
3105503 OWR_N 1 0.01
3105504 OWR_N 1 0.01
3105528 FDR_N 1 0.01
3107772 ODR_N 1 0.01
3107773 ODR_N 1 0.01
3107783 FDR_N 1 0.01
3107784 FDR_N 1 0.01
3107785 FDR_N 1 0.01
3107803 OWR_N 1 0.01
3110050 FWP_N 1 0.01
3110051 FWP_N 1 0.01
3110052 FWP_N 1 0.01
3110053 FWP_N 1 0.01
3110103 OWR_N 1 0.01
3110106 OWR_N 1 0.01
3110109 OWP_N 1 0.01
3110111 OWP_N 1 0.01
3112343 ODP_N 1 0.01
3112344 OWP_N 1 0.01
3112345 OWP_N 1 0.01
3112346 OWR_N 1 0.01
3112347 OWR_N 1 0.01
3112348 OWP_N 1 0.01
3112352 FWP_N 1 0.01
3112353 FWP_N 1 0.01
3112354 FDR_N 1 0.01
3112404 OWP_N 1 0.01
3112406 OWR_N 1 0.01
3112408 OWP_N 1 0.01
3112409 OWP_N 1 0.01
3112410 OWP_N 1 0.01
3112411 OWP_N 1 0.01
3112412 OWP_N 1 0.01
3112413 OWP_N 1 0.01
3112414 FDR_N 1 0.01
3114644 OWP_N 1 0.01
3114645 OWP_N 1 0.01
3114646 OWP_N 1 0.01
3114647 OWP_N 1 0.01
3114648 OWP_N 1 0.01
3114652 FWP_N 1 0.01
3114653 FWP_N 1 0.01
3114706 OWR_N 1 0.01
3114707 OWR_N 1 0.01
3114709 OWP_N 1 0.01
3114710 OWP_N 1 0.01
3114712 OWP_N 1 0.01
3114714 FDR_N 1 0.01
3114716 FWR_N 1 0.01
3114717 FWR_N 1 0.01
3114718 FWR_N 1 0.01
3116937 OWR_N 1 0.01
3116942 OWP_N 1 0.01
3116948 OWP_N 1 0.01
3116950 FWP_N 1 0.01
3116951 FWP_N 1 0.01
3116952 FWP_N 1 0.01
3116953 FWP_N 1 0.01
3117007 OWR_N 1 0.01
3117008 OWP_N 1 0.01
3117009 OWP_N 1 0.01
3117010 OWP_N 1 0.01
3117012 OWP_N 1 0.01
3117013 OWP_N 1 0.01
3117014 OWP_N 1 0.01
3117018 FWR_N 1 0.01
3119235 FDR_N 1 0.01
3119238 FWR_N 1 0.01
3119242 OWP_N 1 0.01
3119243 OWP_N 1 0.01
3119244 OWP_N 1 0.01
3119245 OWP_N 1 0.01
3119246 OWP_N 1 0.01
3119247 OWP_N 1 0.01
3119248 OWP_N 1 0.01
3119249 OWP_N 1 0.01
3119251 FWP_N 1 0.01
3119252 FWP_N 1 0.01
3119312 OWP_N 1 0.01
3119313 OWP_N 1 0.01
3121534 FDR_N 1 0.01
3121535 FDR_N 1 0.01
3121536 FDR_N 1 0.01
3121543 FDR_N 1 0.01
3121544 FDR_N 1 0.01
3121545 OWP_N 1 0.01
3121546 OWP_N 1 0.01
3121548 OWP_N 1 0.01
3121549 ODP_N 1 0.01
3121610 FDR_N 1 0.01
3121611 FDR_N 1 0.01
3123836 FDR_N 1 0.01
3123837 FDR_N 1 0.01
3123846 OWP_N 1 0.01
3123847 OWP_N 1 0.01
3123848 OWP_N 1 0.01
3123909 FDR_N 1 0.01
3123910 FDR_N 1 0.01
3123911 FDR_N 1 0.01
3123912 OWP_N 1 0.01
3123913 OWP_N 1 0.01
3126135 FDR_N 1 0.01
3126136 FDR_N 1 0.01
3126137 FDR_N 1 0.01
3126147 OWP_N 1 0.01
3126148 OWP_N 1 0.01
3126211 FDR_N 1 0.01
3126212 FDR_N 1 0.01
3126213 FDR_N 1 0.01
3126214 OWP_N 1 0.01
3128511 FDR_N 1 0.01
3128512 FDR_N 1 0.01
3128513 OWP_N 1 0.01
3128514 OWP_N 1 0.01
3130811 FDR_N 1 0.01
3133062 FDR_N 1 0.01
3133063 FDR_N 1 0.01
3133064 FDR_N 1 0.01
3133111 OWP_N 1 0.01
3135364 FDR_N 1 0.01
3135407 OWR_N 1 0.01
3135408 OWR_N 1 0.01
3135409 OWR_N 1 0.01
3135410 OWP_N 1 0.01
3135411 OWP_N 1 0.01
3135421 FWP_N 1 0.01
3137634 FDR_N 1 0.01
3137643 OWP_N 1 0.01
3137645 OWP_N 1 0.01
3137646 OWP_N 1 0.01
3137663 OWP_N 1 0.01
3137664 FDR_N 1 0.01
3137665 FDR_N 1 0.01
3137703 FWR_N 1 0.01
3137704 FWR_N 1 0.01
3137705 FWR_N 1 0.01
3137707 OWR_N 1 0.01
3137709 OWR_N 1 0.01
3137711 OWP_N 1 0.01
3137712 OWP_N 1 0.01
3137713 OWP_N 1 0.01
3137721 FWP_N 1 0.01
3139934 FDR_N 1 0.01
3139935 FDR_N 1 0.01
3139936 FDR_N 1 0.01
3139941 FDR_N 1 0.01
3139942 FDR_N 1 0.01
3139943 FDR_N 1 0.01
3139944 OWP_N 1 0.01
3139945 OWP_N 1 0.01
3139946 OWP_N 1 0.01
3139964 FDR_N 1 0.01
3140001 FWR_N 1 0.01
3140003 FWR_N 1 0.01
3140004 FWR_N 1 0.01
3140005 FWR_N 1 0.01
3140007 OWR_N 1 0.01
3140008 OWR_N 1 0.01
3140009 OWR_N 1 0.01
3140010 OWR_N 1 0.01
3140011 OWR_N 1 0.01
3140014 FDR_N 1 0.01
3140021 ODR_N 1 0.01
3142232 ODR_N 1 0.01
3142234 FDR_N 1 0.01
3142235 FDR_N 1 0.01
3142236 FDR_N 1 0.01
3142241 FDR_N 1 0.01
3142242 FDR_N 1 0.01
3142244 FDR_N 1 0.01
3142246 OWP_N 1 0.01
3142249 ODR_N 1 0.01
3142250 ODR_N 1 0.01
3142251 ODR_N 1 0.01
3142252 ODR_N 1 0.01
3142255 ODR_N 1 0.01
3142256 ODR_N 1 0.01
3142257 ODR_N 1 0.01
3142264 FDR_N 1 0.01
3142282 ODR_N 1 0.01
3142301 FWR_N 1 0.01
3142302 FWR_N 1 0.01
3142303 FWR_N 1 0.01
3142304 FWR_N 1 0.01
3142305 FWR_N 1 0.01
3142307 OWR_N 1 0.01
3142308 OWR_N 1 0.01
3142309 OWR_N 1 0.01
3142310 OWR_N 1 0.01
3144532 ODR_N 1 0.01
3144533 ODR_N 1 0.01
3144536 FDR_N 1 0.01
3144542 FDR_N 1 0.01
3144543 FDR_N 1 0.01
3144544 FDR_N 1 0.01
3144548 ODR_N 1 0.01
3144550 ODR_N 1 0.01
3144551 ODR_N 1 0.01
3144552 ODR_N 1 0.01
3144556 ODR_N 1 0.01
3144573 FDR_N 1 0.01
3144574 FDR_N 1 0.01
3144581 ODR_N 1 0.01
3144582 ODR_N 1 0.01
3144583 ODR_N 1 0.01
3144584 ODR_N 1 0.01
3144600 FWR_N 1 0.01
3144602 FWR_N 1 0.01
3144603 FWR_N 1 0.01
3144604 FWR_N 1 0.01
3144605 FWR_N 1 0.01
3144606 FWR_N 1 0.01
3144607 OWR_N 1 0.01
3144608 FDR_N 1 0.01
3144609 FDR_N 1 0.01
3144622 ODP_N 1 0.01
3146833 ODR_N 1 0.01
3146834 ODR_N 1 0.01
3146836 FDR_N 1 0.01
3146837 OWR_N 1 0.01
3146838 OWR_N 1 0.01
3146839 OWR_N 1 0.01
3146842 FDR_N 1 0.01
3146843 FDR_N 1 0.01
3146845 FDR_N 1 0.01
3146848 ODR_N 1 0.01
3146849 ODR_N 1 0.01
3146850 ODR_N 1 0.01
3146851 ODR_N 1 0.01
3146852 ODR_N 1 0.01
3146854 ODR_N 1 0.01
3146855 ODR_N 1 0.01
3146856 ODR_N 1 0.01
3146857 ODR_N 1 0.01
3146873 FDR_N 1 0.01
3146874 FDR_N 1 0.01
3146881 ODR_N 1 0.01
3146882 ODR_N 1 0.01
3146883 ODR_N 1 0.01
3146884 ODR_N 1 0.01
3146900 FWR_N 1 0.01
3146901 FWR_N 1 0.01
3146902 FWR_N 1 0.01
3146903 FWR_N 1 0.01
3146904 FWR_N 1 0.01
3146905 FWR_N 1 0.01
3146906 FWR_N 1 0.01
3146907 OWR_N 1 0.01
3146908 OWR_N 1 0.01
3149137 OWR_N 1 0.01
3149138 OWR_N 1 0.01
3149139 OWR_N 1 0.01
3149143 FDR_N 1 0.01
3149144 FDR_N 1 0.01
3149146 FDR_N 1 0.01
3149149 ODR_N 1 0.01
3149150 ODR_N 1 0.01
3149151 ODR_N 1 0.01
3149152 ODR_N 1 0.01
3149153 ODR_N 1 0.01
3149154 ODR_N 1 0.01
3149155 ODR_N 1 0.01
3149156 ODR_N 1 0.01
3149157 ODR_N 1 0.01
3149171 OWR_N 1 0.01
3149174 FDR_N 1 0.01
3149182 ODR_N 1 0.01
3149183 ODR_N 1 0.01
3149184 ODR_N 1 0.01
3149185 ODR_N 1 0.01
3149203 FWR_N 1 0.01
3149204 FWR_N 1 0.01
3149205 FWR_N 1 0.01
3151435 OWR_N 1 0.01
3151436 OWR_N 1 0.01
3151437 OWR_N 1 0.01
3151443 FDR_N 1 0.01
3151444 FDR_N 1 0.01
3151445 FDR_N 1 0.01
3151446 FDR_N 1 0.01
3151448 ODP_N 1 0.01
3151453 ODR_N 1 0.01
3151454 ODR_N 1 0.01
3151455 ODR_N 1 0.01
3151472 ODR_N 1 0.01
3151474 FDR_N 1 0.01
3151482 ODR_N 1 0.01
3153734 OWR_N 1 0.01
3153735 OWR_N 1 0.01
3153736 OWR_N 1 0.01
3153737 OWR_N 1 0.01
3153744 FDR_N 1 0.01
3153745 FDR_N 1 0.01
3153746 FDR_N 1 0.01
3153751 ODR_N 1 0.01
3153752 ODR_N 1 0.01
3153753 ODR_N 1 0.01
3153774 FDR_N 1 0.01
3153775 FDR_N 1 0.01
3153776 FDR_N 1 0.01
3153782 ODR_N 1 0.01
3153783 FWP_N 1 0.01
3153784 FWP_N 1 0.01
3153785 FWP_N 1 0.01
3153786 FWP_N 1 0.01
3156035 OWR_N 1 0.01
3156036 OWR_N 1 0.01
3156038 ODR_N 1 0.01
3156044 FDR_N 1 0.01
3156045 FDR_N 1 0.01
3156046 FDR_N 1 0.01
3156047 FDR_N 1 0.01
3156048 FDR_N 1 0.01
3156051 ODR_N 1 0.01
3156053 ODR_N 1 0.01
3156054 FDP_N 1 0.01
3156073 FDR_N 1 0.01
3156074 FDR_N 1 0.01
3156075 FDR_N 1 0.01
3156076 FDR_N 1 0.01
3156082 ODR_N 1 0.01
3156083 FWP_N 1 0.01
3156084 FWP_N 1 0.01
3156085 FWP_N 1 0.01
3156086 FWP_N 1 0.01
3158336 ODR_N 1 0.01
3158337 ODR_N 1 0.01
3158338 ODR_N 1 0.01
3158344 FDR_N 1 0.01
3158346 FDR_N 1 0.01
3158348 FDR_N 1 0.01
3158350 ODR_N 1 0.01
3158351 ODR_N 1 0.01
3158353 ODR_N 1 0.01
3158354 ODR_N 1 0.01
3158376 FDR_N 1 0.01
3158380 ODR_N 1 0.01
3158381 ODR_N 1 0.01
3158382 ODR_N 1 0.01
3158383 ODR_N 1 0.01
3158385 FWP_N 1 0.01
3160639 FDP_N 1 0.01
3160644 FDR_N 1 0.01
3160645 FDR_N 1 0.01
3160646 FDR_N 1 0.01
3160647 FDR_N 1 0.01
3160650 FDP_N 1 0.01
3160651 ODR_N 1 0.01
3160652 ODR_N 1 0.01
3160653 FDP_N 1 0.01
3160675 FDR_N 1 0.01
3160676 FDR_N 1 0.01
3160681 ODR_N 1 0.01
3162951 ODR_N 1 0.01
3169843 FDR_N 1 0.01
3172143 FDR_N 1 0.01
3172144 FDR_N 1 0.01
3172145 FDR_N 1 0.01
3172146 FDR_N 1 0.01
3174443 FDR_N 1 0.01
3174444 FDR_N 1 0.01
3174452 ODR_N 1 0.01
3174453 ODR_N 1 0.01
3174501 FDR_N 1 0.01
3174502 FDR_N 1 0.01
3174503 FDR_N 1 0.01
3174504 FDR_N 1 0.01
3176743 FDR_N 1 0.01
3176745 OWP_N 1 0.01
3176746 OWR_N 1 0.01
3176750 ODR_N 1 0.01
3176751 ODR_N 1 0.01
3176753 ODR_N 1 0.01
3176800 FDR_N 1 0.01
3176803 FDR_N 1 0.01
3176804 FDR_N 1 0.01
3179045 OWP_N 1 0.01
3179048 OWR_N 1 0.01
3179050 ODR_N 1 0.01
3179051 ODR_N 1 0.01
3179052 ODR_N 1 0.01
3179100 FDR_N 1 0.01
3179101 FDR_N 1 0.01
3179102 FDR_N 1 0.01
3179103 FDR_N 1 0.01
3179104 FDR_N 1 0.01
3181348 OWR_N 1 0.01
3181350 ODR_N 1 0.01
3181353 ODR_N 1 0.01
3181401 FDR_N 1 0.01
3181402 FDR_N 1 0.01
3181403 FDR_N 1 0.01
3181404 FDR_N 1 0.01
3183647 ODP_N 1 0.01
3183648 ODP_N 1 0.01
3183649 ODP_N 1 0.01
3183650 ODR_N 1 0.01
3183651 ODR_N 1 0.01
3183652 ODR_N 1 0.01
3185946 ODP_N 1 0.01
3185947 ODP_N 1 0.01
3185948 ODP_N 1 0.01
3185949 ODP_N 1 0.01
3188247 ODP_N 1 0.01
3188248 ODP_N 1 0.01
3188253 FDR_N 1 0.01
3190547 ODP_N 1 0.01
3190548 ODP_N 1 0.01
3190549 ODP_N 1 0.01
3190553 FDR_N 1 0.01
3190555 OWR_N 1 0.01
3192848 ODP_N 1 0.01
3192849 ODP_N 1 0.01
3192852 OWR_N 1 0.01
3192853 OWR_N 1 0.01
3192854 OWR_N 1 0.01
3192855 OWR_N 1 0.01
3195152 OWR_N 1 0.01
3195154 OWR_N 1 0.01
3195155 OWR_N 1 0.01
3195180 ODR_N 1 0.01
3195181 ODR_N 1 0.01
3195182 ODR_N 1 0.01
3197454 OWR_N 1 0.01
3197480 ODR_N 1 0.01
3197482 ODR_N 1 0.01
3202083 ODR_N 1 0.01
